[gd_scene load_steps=15 format=2]

[ext_resource path="res://Scripts/LevelScripts/Level06BossControl.gd" type="Script" id=1]
[ext_resource path="res://Scenes/PlayerScenes/PlayersNew/PlayerSingle.tscn" type="PackedScene" id=2]
[ext_resource path="res://OtherHolder/rm-albion/RM Albion font big.tres" type="DynamicFont" id=3]
[ext_resource path="res://Scripts/LevelScripts/Level06BossComplete.gd" type="Script" id=4]
[ext_resource path="res://Scenes/LevelScenes/LevelExtras/LevelEndParticles.tscn" type="PackedScene" id=5]
[ext_resource path="res://Scenes/LevelScenes/BaseScenes/CitadelTownPart04Ship.tscn" type="PackedScene" id=6]
[ext_resource path="res://Scenes/EnemyScenes/DaveyJonesBoss.tscn" type="PackedScene" id=7]
[ext_resource path="res://Music/MusicControllerBoss.gd" type="Script" id=8]
[ext_resource path="res://Music/Aggressor.ogg" type="AudioStream" id=9]
[ext_resource path="res://Music/Burnt Spirit.ogg" type="AudioStream" id=10]
[ext_resource path="res://Music/Outfoxing the Fox.ogg" type="AudioStream" id=11]

[sub_resource type="Environment" id=1]

background_mode = 1
background_sky_custom_fov = 0.0
background_color = Color( 0.110107, 0, 0.171875, 1 )
background_energy = 0.5
background_canvas_max_layer = 0
ambient_light_color = Color( 0.276418, 0.0686646, 0.351563, 1 )
ambient_light_energy = 0.5
ambient_light_sky_contribution = 1.0
fog_enabled = true
fog_color = Color( 0.578125, 0.124207, 0.571033, 1 )
fog_sun_color = Color( 1, 0.9, 0.7, 1 )
fog_sun_amount = 0.0
fog_depth_enabled = true
fog_depth_begin = 15.0
fog_depth_curve = 1.0
fog_transmit_enabled = false
fog_transmit_curve = 1.0
fog_height_enabled = false
fog_height_min = 0.0
fog_height_max = 100.0
fog_height_curve = 1.0
tonemap_mode = 0
tonemap_exposure = 1.0
tonemap_white = 1.0
auto_exposure_enabled = false
auto_exposure_scale = 0.4
auto_exposure_min_luma = 0.05
auto_exposure_max_luma = 8.0
auto_exposure_speed = 0.5
ss_reflections_enabled = false
ss_reflections_max_steps = 64
ss_reflections_fade_in = 0.15
ss_reflections_fade_out = 2.0
ss_reflections_depth_tolerance = 0.2
ss_reflections_roughness = true
ssao_enabled = false
ssao_radius = 1.0
ssao_intensity = 1.0
ssao_radius2 = 0.0
ssao_intensity2 = 1.0
ssao_bias = 0.01
ssao_light_affect = 0.0
ssao_color = Color( 0, 0, 0, 1 )
ssao_quality = 0
ssao_blur = 3
ssao_edge_sharpness = 4.0
dof_blur_far_enabled = false
dof_blur_far_distance = 10.0
dof_blur_far_transition = 5.0
dof_blur_far_amount = 0.1
dof_blur_far_quality = 1
dof_blur_near_enabled = false
dof_blur_near_distance = 2.0
dof_blur_near_transition = 1.0
dof_blur_near_amount = 0.1
dof_blur_near_quality = 1
glow_enabled = false
glow_levels/1 = false
glow_levels/2 = false
glow_levels/3 = true
glow_levels/4 = false
glow_levels/5 = true
glow_levels/6 = false
glow_levels/7 = false
glow_intensity = 0.8
glow_strength = 1.0
glow_bloom = 0.0
glow_blend_mode = 2
glow_hdr_threshold = 1.0
glow_hdr_scale = 2.0
glow_bicubic_upscale = false
adjustment_enabled = false
adjustment_brightness = 1.0
adjustment_contrast = 1.0
adjustment_saturation = 1.0
_sections_unfolded = [ "Ambient Light" ]

[sub_resource type="BoxShape" id=2]

extents = Vector3( 7.08577, 3.2806, 1 )

[sub_resource type="BoxShape" id=3]

extents = Vector3( 1, 9.2187, 28.7213 )

[node name="Level06Boss" type="Spatial"]

script = ExtResource( 1 )

[node name="RespawnPoint" type="Spatial" parent="." index="0"]

transform = Transform( 1, 0, 0, 0, 1, 0, 0, 0, 1, -4.1728, 1.37124, 10.8221 )

[node name="Player" parent="." index="1" instance=ExtResource( 2 )]

transform = Transform( 1, 0, 0, 0, 1, 0, 0, 0, 1, -5.87971, 1.06086, 11.2199 )

[node name="WorldEnvironment" type="WorldEnvironment" parent="." index="2"]

environment = SubResource( 1 )

[node name="LevelText" type="Label" parent="." index="3"]

anchor_left = 0.0
anchor_top = 1.0
anchor_right = 1.0
anchor_bottom = 1.0
margin_top = -51.0
rect_pivot_offset = Vector2( 0, 0 )
rect_clip_content = false
mouse_filter = 2
mouse_default_cursor_shape = 0
size_flags_horizontal = 1
size_flags_vertical = 4
custom_fonts/font = ExtResource( 3 )
text = "LongTestToMakeSureItWillFitAndBeCentered"
align = 1
valign = 1
percent_visible = 1.0
lines_skipped = 0
max_lines_visible = -1
_sections_unfolded = [ "Rect" ]

[node name="LevelObjective" type="Label" parent="." index="4"]

anchor_left = 0.0
anchor_top = 0.0
anchor_right = 1.0
anchor_bottom = 0.0
margin_bottom = 51.0
rect_pivot_offset = Vector2( 0, 0 )
rect_clip_content = false
mouse_filter = 2
mouse_default_cursor_shape = 0
size_flags_horizontal = 1
size_flags_vertical = 4
custom_fonts/font = ExtResource( 3 )
text = "LongTestToMakeSureItWillFitAndBeCentered"
align = 1
valign = 1
percent_visible = 1.0
lines_skipped = 0
max_lines_visible = -1
_sections_unfolded = [ "Rect" ]

[node name="EndOfLevel" type="Spatial" parent="." index="5"]

editor/display_folded = true
transform = Transform( -0.0650958, 0, -0.997879, 0, 1, 0, 0.997879, 0, -0.0650958, -7.71639, 0.483216, 26.7036 )
script = ExtResource( 4 )

[node name="Area" type="Area" parent="EndOfLevel" index="0"]

input_ray_pickable = false
input_capture_on_drag = false
space_override = 0
gravity_point = false
gravity_distance_scale = 0.0
gravity_vec = Vector3( 0, -1, 0 )
gravity = 9.8
linear_damp = 0.1
angular_damp = 1.0
priority = 0.0
monitoring = true
monitorable = true
collision_layer = 1
collision_mask = 1
audio_bus_override = false
audio_bus_name = "Master"
reverb_bus_enable = false
reverb_bus_name = "Master"
reverb_bus_amount = 0.0
reverb_bus_uniformity = 0.0
_sections_unfolded = [ "Transform" ]

[node name="CollisionShape" type="CollisionShape" parent="EndOfLevel/Area" index="0"]

transform = Transform( 1, 0, 0, 0, 1, 0, 0, 0, 1, 0, 2.80655, 0.368965 )
shape = SubResource( 2 )
disabled = false

[node name="LevelEndParticles" parent="EndOfLevel/Area" index="1" instance=ExtResource( 5 )]

transform = Transform( 1, 0, 0, 0, 1, 0, 0, 0, 1, 0, -0.421509, -56.8543 )

[node name="EndOfLevelShow" type="Spatial" parent="." index="6"]

transform = Transform( -0.0968809, 0, -0.995296, 0, 1, 0, 0.995296, 0, -0.0968809, -7.71391, 0.483216, 26.7364 )

[node name="EndOfLevelHide" type="Spatial" parent="." index="7"]

transform = Transform( -0.0968809, 0, -0.995296, 0, 1, 0, 0.995296, 0, -0.0968809, -7.71391, -21.2585, 26.7364 )

[node name="CitadelTownPart04Ship" parent="." index="8" instance=ExtResource( 6 )]

transform = Transform( -0.939693, 0, -0.34202, 0, 1, 0, 0.34202, 0, -0.939693, 1, 2.85425, 24 )

[node name="EnemyHolder" type="Spatial" parent="." index="9"]

editor/display_folded = true
transform = Transform( 1, 0, 0, 0, 1, 0, 0, 0, 1, 0, 1.07702, 48 )
_sections_unfolded = [ "Transform" ]

[node name="DaveyJones" parent="EnemyHolder" index="0" instance=ExtResource( 7 )]

_sections_unfolded = [ "Transform", "Visibility" ]

[node name="LevelLimits" type="StaticBody" parent="." index="10"]

editor/display_folded = true
transform = Transform( 1, 0, 0, 0, 1, 0, 0, 0, 1, 7, 0, 30 )
input_ray_pickable = true
input_capture_on_drag = false
collision_layer = 1
collision_mask = 1
friction = 1.0
bounce = 0.0
constant_linear_velocity = Vector3( 0, 0, 0 )
constant_angular_velocity = Vector3( 0, 0, 0 )

[node name="wall1" type="CollisionShape" parent="LevelLimits" index="0"]

transform = Transform( 0.997958, 0, -0.063879, 0, 1, 0, 0.063879, 0, 0.997958, -19.4714, 8.07071, 7.22504 )
shape = SubResource( 3 )
disabled = false

[node name="wall2" type="CollisionShape" parent="LevelLimits" index="1"]

transform = Transform( 0.999758, 0, -0.0220421, 0, 1, 0, 0.0220421, 0, 0.999758, 15.4717, 8.07071, 9.14175 )
shape = SubResource( 3 )
disabled = false

[node name="wall3" type="CollisionShape" parent="LevelLimits" index="2"]

transform = Transform( -0.0563393, 0, -0.998412, 0, 1, 0, 0.998412, 0, -0.0563393, -0.156853, 22.0707, 54.1107 )
shape = SubResource( 3 )
disabled = false

[node name="wall4" type="CollisionShape" parent="LevelLimits" index="3"]

transform = Transform( 0.994666, 0, -0.10316, 0, 1, 0, 0.10316, 0, 0.994666, 13.555, 22.0707, 54.1107 )
shape = SubResource( 3 )
disabled = false

[node name="wall5" type="CollisionShape" parent="LevelLimits" index="4"]

transform = Transform( 0.994666, 0, -0.10316, 0, 1, 0, 0.10316, 0, 0.994666, -23.4522, 22.0707, 54.1107 )
shape = SubResource( 3 )
disabled = false

[node name="wall6" type="CollisionShape" parent="LevelLimits" index="5"]

transform = Transform( 0.945473, 0, -0.325702, 0, 1, 0, 0.325702, 0, 0.945473, -9.69172, 15.0707, -44.8893 )
shape = SubResource( 3 )
disabled = false

[node name="wall7" type="CollisionShape" parent="LevelLimits" index="6"]

transform = Transform( 0.710345, 0, -0.703854, 0, 1, 0, 0.703854, 0, 0.710345, -7.64766, 15.0707, -44.8893 )
shape = SubResource( 3 )
disabled = false

[node name="wall8" type="CollisionShape" parent="LevelLimits" index="7"]

transform = Transform( -0.814722, 0, -0.579853, 0, 1, 0, 0.579853, 0, -0.814722, 6.84657, 15.0707, -44.8893 )
shape = SubResource( 3 )
disabled = false

[node name="wall9" type="CollisionShape" parent="LevelLimits" index="8"]

transform = Transform( -0.987302, 0, -0.158859, 0, 1, 0, 0.158859, 0, -0.987302, 13.5362, 15.0707, -34.8548 )
shape = SubResource( 3 )
disabled = false

[node name="MusicControllerBoss" type="Node" parent="." index="11"]

editor/display_folded = true
script = ExtResource( 8 )

[node name="AudioStreamA" type="AudioStreamPlayer" parent="MusicControllerBoss" index="0"]

stream = ExtResource( 9 )
volume_db = 0.0
pitch_scale = 1.0
autoplay = false
mix_target = 0
bus = "MusicBus"

[node name="AudioStreamBS" type="AudioStreamPlayer" parent="MusicControllerBoss" index="1"]

stream = ExtResource( 10 )
volume_db = 0.0
pitch_scale = 1.0
autoplay = false
mix_target = 0
bus = "MusicBus"

[node name="AudioStreamOtF" type="AudioStreamPlayer" parent="MusicControllerBoss" index="2"]

stream = ExtResource( 11 )
volume_db = 0.0
pitch_scale = 1.0
autoplay = false
mix_target = 0
bus = "MusicBus"

[connection signal="finished" from="MusicControllerBoss/AudioStreamA" to="MusicControllerBoss" method="_on_AudioStreamA_finished"]

[connection signal="finished" from="MusicControllerBoss/AudioStreamBS" to="MusicControllerBoss" method="_on_AudioStreamBS_finished"]

[connection signal="finished" from="MusicControllerBoss/AudioStreamOtF" to="MusicControllerBoss" method="_on_AudioStreamOtF_finished"]


