[gd_scene load_steps=22 format=2]

[ext_resource path="res://Scripts/LevelScripts/Level06BossControl.gd" type="Script" id=1]
[ext_resource path="res://Scenes/PlayerScenes/PlayersNew/PlayerSingle.tscn" type="PackedScene" id=2]
[ext_resource path="res://OtherHolder/rm-albion/RM Albion font big.tres" type="DynamicFont" id=3]
[ext_resource path="res://Scripts/LevelScripts/Level06BossComplete.gd" type="Script" id=4]
[ext_resource path="res://Scenes/LevelScenes/LevelExtras/LevelEndParticles.tscn" type="PackedScene" id=5]
[ext_resource path="res://Music/MusicControllerBoss.gd" type="Script" id=6]
[ext_resource path="res://Music/Aggressor.ogg" type="AudioStream" id=7]
[ext_resource path="res://Music/Burnt Spirit.ogg" type="AudioStream" id=8]
[ext_resource path="res://Music/Outfoxing the Fox.ogg" type="AudioStream" id=9]
[ext_resource path="res://Scenes/LevelScenes/BaseScenes/BossShipResized.tscn" type="PackedScene" id=10]
[ext_resource path="res://Scenes/LevelScenes/NavMeshScenes/NavMeshBossShipResized.tscn" type="PackedScene" id=11]
[ext_resource path="res://Scripts/EnemyScripts/WaypointsHolder.gd" type="Script" id=12]
[ext_resource path="res://Scenes/EnemyScenes/DaveyJonesBossNav.tscn" type="PackedScene" id=13]
[ext_resource path="res://Scenes/LevelScenes/LevelExtras/Crate01.tscn" type="PackedScene" id=14]
[ext_resource path="res://Scenes/LevelScenes/LevelExtras/Barrel01.tscn" type="PackedScene" id=15]
[ext_resource path="res://Scenes/LevelScenes/LevelExtras/DaveyJonesCanon01.tscn" type="PackedScene" id=16]

[sub_resource type="Environment" id=1]
background_mode = 1
background_color = Color( 0.110107, 0, 0.171875, 1 )
background_energy = 0.5
ambient_light_color = Color( 0.276418, 0.0686646, 0.351563, 1 )
ambient_light_energy = 0.5
fog_enabled = true
fog_color = Color( 0.578125, 0.124207, 0.571033, 1 )
fog_depth_begin = 15.0

[sub_resource type="BoxShape" id=2]
extents = Vector3( 7.08577, 3.2806, 1 )

[sub_resource type="BoxShape" id=3]
extents = Vector3( 1, 6.48122, 9.92675 )

[sub_resource type="SphereMesh" id=4]
radius = 0.1
height = 0.2
radial_segments = 16
rings = 8

[sub_resource type="SpatialMaterial" id=5]
albedo_color = Color( 1, 0, 0.914063, 1 )
roughness = 0.0

[node name="Level06Boss" type="Spatial"]
script = ExtResource( 1 )

[node name="RespawnPoint" type="Spatial" parent="."]
transform = Transform( -0.965926, 0, 0.258819, 0, 1, 0, -0.258819, 0, -0.965926, 74.119, -5.26786, -203.04 )

[node name="Player" parent="." instance=ExtResource( 2 )]
transform = Transform( -0.965926, 0, 0.258819, 0, 1, 0, -0.258819, 0, -0.965926, 75.8707, -5.57824, -202.983 )

[node name="WorldEnvironment" type="WorldEnvironment" parent="."]
environment = SubResource( 1 )

[node name="LevelText" type="Label" parent="."]
anchor_top = 1.0
anchor_right = 1.0
anchor_bottom = 1.0
margin_top = -51.0
custom_fonts/font = ExtResource( 3 )
text = "LongTestToMakeSureItWillFitAndBeCentered"
align = 1
valign = 1

[node name="LevelObjective" type="Label" parent="."]
anchor_right = 1.0
margin_bottom = 51.0
custom_fonts/font = ExtResource( 3 )
text = "LongTestToMakeSureItWillFitAndBeCentered"
align = 1
valign = 1

[node name="EndOfLevel" type="Spatial" parent="."]
transform = Transform( 0.386808, 0, 0.92216, 0, 1, 0, -0.92216, 0, 0.386808, 79.3938, -7.44183, -206.872 )
script = ExtResource( 4 )

[node name="Area" type="Area" parent="EndOfLevel"]

[node name="CollisionShape" type="CollisionShape" parent="EndOfLevel/Area"]
transform = Transform( 1, 0, 0, 0, 1, 0, 0, 0, 1, 0, 2.80655, 0.368965 )
shape = SubResource( 2 )

[node name="LevelEndParticles" parent="EndOfLevel/Area" instance=ExtResource( 5 )]
transform = Transform( 1, 0, 0, 0, 1, 0, 0, 0, 1, 0, -0.421509, -56.8543 )

[node name="EndOfLevelShow" type="Spatial" parent="."]
transform = Transform( 0.416015, 0, 0.909358, 0, 1, 0, -0.909358, 0, 0.416015, 79.4021, -7.44183, -206.904 )

[node name="EndOfLevelHide" type="Spatial" parent="."]
transform = Transform( 0.416015, 0, 0.909358, 0, 1, 0, -0.909358, 0, 0.416015, 79.4021, -29.1835, -206.904 )

[node name="LevelLimits" type="StaticBody" parent="."]
editor/display_folded = true
transform = Transform( -0.945931, 0, 0.324366, 0, 1, 0, -0.324366, 0, -0.945931, 72.3589, -7.92505, -213.791 )

[node name="wall1" type="CollisionShape" parent="LevelLimits"]
transform = Transform( 0.997958, 0, -0.063879, 0, 1, 0, 0.063879, 0, 0.997958, -10.7328, 8.07071, -1.96214 )
shape = SubResource( 3 )

[node name="wall2" type="CollisionShape" parent="LevelLimits"]
transform = Transform( 0.999758, 0, -0.022042, 0, 1, 0, 0.022042, 0, 0.999758, 2.2356, 8.07071, -1.16867 )
shape = SubResource( 3 )

[node name="wall3" type="CollisionShape" parent="LevelLimits"]
transform = Transform( -0.0748323, 0, -0.997196, 0, 1, 0, 0.997196, 0, -0.0748323, -5.7555, 12.0066, 14.979 )
shape = SubResource( 3 )

[node name="wall4" type="CollisionShape" parent="LevelLimits"]
transform = Transform( 0.994666, 0, -0.10316, 0, 1, 0, 0.10316, 0, 0.994666, 2.01257, 12.0066, 7.8369 )
shape = SubResource( 3 )

[node name="wall5" type="CollisionShape" parent="LevelLimits"]
transform = Transform( 0.994666, 0, -0.10316, 0, 1, 0, 0.10316, 0, 0.994666, -11.8098, 12.0066, 8.39972 )
shape = SubResource( 3 )

[node name="wall6" type="CollisionShape" parent="LevelLimits"]
transform = Transform( 0.945473, 0, -0.325702, 0, 1, 0, 0.325702, 0, 0.945473, -9.01256, 10.1893, -15.2411 )
shape = SubResource( 3 )

[node name="wall7" type="CollisionShape" parent="LevelLimits"]
transform = Transform( 0.710345, 0, -0.703854, 0, 1, 0, 0.703854, 0, 0.710345, -6.34711, 10.1893, -20.9933 )
shape = SubResource( 3 )

[node name="wall8" type="CollisionShape" parent="LevelLimits"]
transform = Transform( -0.814722, 0, -0.579853, 0, 1, 0, 0.579853, 0, -0.814722, 0.699986, 10.1893, -19.5685 )
shape = SubResource( 3 )

[node name="wall9" type="CollisionShape" parent="LevelLimits"]
transform = Transform( -0.987302, 0, -0.158859, 0, 1, 0, 0.158859, 0, -0.987302, 2.16286, 10.1893, -13.5246 )
shape = SubResource( 3 )

[node name="MusicControllerBoss" type="Node" parent="."]
editor/display_folded = true
script = ExtResource( 6 )

[node name="AudioStreamA" type="AudioStreamPlayer" parent="MusicControllerBoss"]
stream = ExtResource( 7 )
bus = "MusicBus"

[node name="AudioStreamBS" type="AudioStreamPlayer" parent="MusicControllerBoss"]
stream = ExtResource( 8 )
bus = "MusicBus"

[node name="AudioStreamOtF" type="AudioStreamPlayer" parent="MusicControllerBoss"]
stream = ExtResource( 9 )
bus = "MusicBus"

[node name="BossShipNew" parent="." instance=ExtResource( 10 )]

[node name="NavMeshBossShip" parent="." instance=ExtResource( 11 )]
editor/display_folded = true

[node name="WaypointsHolder" type="Spatial" parent="NavMeshBossShip"]
editor/display_folded = true
script = ExtResource( 12 )

[node name="Waypoint1" type="Spatial" parent="NavMeshBossShip/WaypointsHolder"]
editor/display_folded = true
transform = Transform( 1, 0, 0, 0, 1, 0, 0, 0, 1, 77.8126, -5.30725, -215.634 )

[node name="MeshInstance" type="MeshInstance" parent="NavMeshBossShip/WaypointsHolder/Waypoint1"]
mesh = SubResource( 4 )
material/0 = SubResource( 5 )

[node name="Waypoint2" type="Spatial" parent="NavMeshBossShip/WaypointsHolder"]
editor/display_folded = true
transform = Transform( 1, 0, 0, 0, 1, 0, 0, 0, 1, 80.1258, -5.30725, -214.368 )

[node name="MeshInstance" type="MeshInstance" parent="NavMeshBossShip/WaypointsHolder/Waypoint2"]
mesh = SubResource( 4 )
material/0 = SubResource( 5 )

[node name="Waypoint3" type="Spatial" parent="NavMeshBossShip/WaypointsHolder"]
editor/display_folded = true
transform = Transform( 1, 0, 0, 0, 1, 0, 0, 0, 1, 75.2812, -5.30725, -216.55 )

[node name="MeshInstance" type="MeshInstance" parent="NavMeshBossShip/WaypointsHolder/Waypoint3"]
mesh = SubResource( 4 )
material/0 = SubResource( 5 )

[node name="Waypoint4" type="Spatial" parent="NavMeshBossShip/WaypointsHolder"]
editor/display_folded = true
transform = Transform( 1, 0, 0, 0, 1, 0, 0, 0, 1, 73.099, -5.30725, -211.357 )

[node name="MeshInstance" type="MeshInstance" parent="NavMeshBossShip/WaypointsHolder/Waypoint4"]
mesh = SubResource( 4 )
material/0 = SubResource( 5 )

[node name="Waypoint5" type="Spatial" parent="NavMeshBossShip/WaypointsHolder"]
editor/display_folded = true
transform = Transform( 1, 0, 0, 0, 1, 0, 0, 0, 1, 78.4236, -5.30725, -209.044 )

[node name="MeshInstance" type="MeshInstance" parent="NavMeshBossShip/WaypointsHolder/Waypoint5"]
mesh = SubResource( 4 )
material/0 = SubResource( 5 )

[node name="Waypoint6" type="Spatial" parent="NavMeshBossShip/WaypointsHolder"]
editor/display_folded = true
transform = Transform( 1, 0, 0, 0, 1, 0, 0, 0, 1, 76.9834, -5.30725, -212.317 )

[node name="MeshInstance" type="MeshInstance" parent="NavMeshBossShip/WaypointsHolder/Waypoint6"]
mesh = SubResource( 4 )
material/0 = SubResource( 5 )

[node name="Waypoint7" type="Spatial" parent="NavMeshBossShip/WaypointsHolder"]
editor/display_folded = true
transform = Transform( 1, 0, 0, 0, 1, 0, 0, 0, 1, 74.5829, -5.30725, -206.949 )

[node name="MeshInstance" type="MeshInstance" parent="NavMeshBossShip/WaypointsHolder/Waypoint7"]
mesh = SubResource( 4 )
material/0 = SubResource( 5 )

[node name="Waypoint8" type="Spatial" parent="NavMeshBossShip/WaypointsHolder"]
editor/display_folded = true
transform = Transform( 1, 0, 0, 0, 1, 0, 0, 0, 1, 74.5829, -5.30725, -202.061 )

[node name="MeshInstance" type="MeshInstance" parent="NavMeshBossShip/WaypointsHolder/Waypoint8"]
mesh = SubResource( 4 )
material/0 = SubResource( 5 )

[node name="Waypoint9" type="Spatial" parent="NavMeshBossShip/WaypointsHolder"]
editor/display_folded = true
transform = Transform( 1, 0, 0, 0, 1, 0, 0, 0, 1, 70.524, -5.30725, -203.632 )

[node name="MeshInstance" type="MeshInstance" parent="NavMeshBossShip/WaypointsHolder/Waypoint9"]
mesh = SubResource( 4 )
material/0 = SubResource( 5 )

[node name="EnemyHolder" type="Spatial" parent="NavMeshBossShip"]
editor/display_folded = true

[node name="DaveyJonesNav" parent="NavMeshBossShip/EnemyHolder" instance=ExtResource( 13 )]
transform = Transform( 1, 0, 0, 0, 1, 0, 0, 0, 1, 78.037, -6.56567, -215.715 )

[node name="ExtrasHolder" type="Spatial" parent="."]
editor/display_folded = true
transform = Transform( 1, 0, 0, 0, 1, 0, 0, 0, 1, 70.6323, -4.23714, -196.387 )

[node name="CrateDesign01" parent="ExtrasHolder" instance=ExtResource( 14 )]

[node name="CrateDesign02" parent="ExtrasHolder" instance=ExtResource( 14 )]
transform = Transform( 0.612692, 0, -0.790322, 0, 1, 0, 0.790322, 0, 0.612692, -1.38304, 0, -0.665131 )

[node name="CrateDesign03" parent="ExtrasHolder" instance=ExtResource( 14 )]
transform = Transform( 0.612692, 0, -0.790322, 0, 1, 0, 0.790322, 0, 0.612692, -2.06927, 0, -1.56253 )

[node name="CrateDesign04" parent="ExtrasHolder" instance=ExtResource( 14 )]
transform = Transform( 0.612692, 0, -0.790322, 0, 1, 0, 0.790322, 0, 0.612692, -1.70451, 1.03902, -1.09201 )

[node name="CrateDesign05" parent="ExtrasHolder" instance=ExtResource( 14 )]
transform = Transform( 0.886506, 0, -0.462717, 0, 1, 0, 0.462717, 0, 0.886506, -0.778236, 1.03902, -0.100128 )

[node name="BarrelDesign01" parent="ExtrasHolder" instance=ExtResource( 15 )]
transform = Transform( 1, 0, 0, 0, 1, 0, 0, 0, 1, -3.60656, 0.0159221, -1.29825 )

[node name="BarrelDesign02" parent="ExtrasHolder" instance=ExtResource( 15 )]
transform = Transform( 1, 0, 0, 0, 1, 0, 0, 0, 1, -3.83924, 0.0159221, -0.0960541 )

[node name="BarrelDesign03" parent="ExtrasHolder" instance=ExtResource( 15 )]
transform = Transform( 1, 0, 0, 0, 1, 0, 0, 0, 1, -3.45144, 0.0159221, 1.44223 )

[node name="BarrelDesign04" parent="ExtrasHolder" instance=ExtResource( 15 )]
transform = Transform( 1, 0, 0, 0, 1, 0, 0, 0, 1, -2.92144, 0.0159221, 2.69612 )

[node name="BarrelDesign05" parent="ExtrasHolder" instance=ExtResource( 15 )]
transform = Transform( 1, 0, 0, 0, 1, 0, 0, 0, 1, -2.48193, 0.0159221, 4.07928 )

[node name="CanonsHolder" type="Spatial" parent="."]
transform = Transform( 1, 0, 0, 0, 1, 0, 0, 0, 1, 79.9463, -1.23547, -219.9 )

[node name="DJCanon" parent="CanonsHolder" instance=ExtResource( 16 )]
transform = Transform( 1, 0, 0, 0, 1, 0, 0, 0, 1, -0.221428, 0.669781, 0.453445 )

[node name="DJCanon2" parent="CanonsHolder" instance=ExtResource( 16 )]
transform = Transform( 1, 0, 0, 0, 1, 0, 0, 0, 1, 3.539, 0.669781, 1.40634 )

[node name="DJCanon3" parent="CanonsHolder" instance=ExtResource( 16 )]
transform = Transform( 1, 0, 0, 0, 1, 0, 0, 0, 1, -4.00561, 0.669781, -2.01187 )

[connection signal="body_entered" from="EndOfLevel/Area" to="EndOfLevel" method="_on_Area_body_entered"]
[connection signal="finished" from="MusicControllerBoss/AudioStreamA" to="MusicControllerBoss" method="_on_AudioStreamA_finished"]
[connection signal="finished" from="MusicControllerBoss/AudioStreamBS" to="MusicControllerBoss" method="_on_AudioStreamBS_finished"]
[connection signal="finished" from="MusicControllerBoss/AudioStreamOtF" to="MusicControllerBoss" method="_on_AudioStreamOtF_finished"]
