[gd_scene load_steps=46 format=2]

[ext_resource path="res://Scripts/LevelScripts/Level03Control.gd" type="Script" id=1]
[ext_resource path="res://Scenes/PlayerScenes/PlayersNew/PlayerSingle.tscn" type="PackedScene" id=2]
[ext_resource path="res://Scenes/LevelScenes/BaseScenes/Castle01TownPart02.tscn" type="PackedScene" id=3]
[ext_resource path="res://Scenes/LevelScenes/NavMeshScenes/NavMeshTown01Part02.tscn" type="PackedScene" id=4]
[ext_resource path="res://Scripts/EnemyScripts/WaypointsHolder.gd" type="Script" id=5]
[ext_resource path="res://Scenes/EnemyScenes/ZombieMaleNavTest.tscn" type="PackedScene" id=6]
[ext_resource path="res://Scenes/EnemyScenes/ZombieFemaleNav.tscn" type="PackedScene" id=7]
[ext_resource path="res://Scenes/EnemyScenes/CreatureNav.tscn" type="PackedScene" id=8]
[ext_resource path="res://Scripts/LevelScripts/Level03Complete.gd" type="Script" id=9]
[ext_resource path="res://Scenes/LevelScenes/LevelExtras/LevelEndParticles.tscn" type="PackedScene" id=10]
[ext_resource path="res://OtherHolder/rm-albion/RM Albion font big.tres" type="DynamicFont" id=11]
[ext_resource path="res://Scenes/PickupScenes/PickupAppleGreen.tscn" type="PackedScene" id=12]
[ext_resource path="res://Scenes/PickupScenes/PickupAppleRed.tscn" type="PackedScene" id=13]
[ext_resource path="res://Scenes/PickupScenes/PickupPotionHealth.tscn" type="PackedScene" id=14]
[ext_resource path="res://Scenes/PickupScenes/PickupPotionStrength.tscn" type="PackedScene" id=15]
[ext_resource path="res://Scenes/PickupScenes/PickupPotionSpeed.tscn" type="PackedScene" id=16]
[ext_resource path="res://Scenes/PickupScenes/PickupPotionFortitute.tscn" type="PackedScene" id=17]
[ext_resource path="res://Scenes/PickupScenes/PickupTea.tscn" type="PackedScene" id=18]
[ext_resource path="res://Scenes/PickupScenes/PickupArmourChainmail.tscn" type="PackedScene" id=19]
[ext_resource path="res://Scenes/PickupScenes/PickupShieldMedium.tscn" type="PackedScene" id=20]
[ext_resource path="res://Scenes/PickupScenes/PickupWeaponSwordLightning.tscn" type="PackedScene" id=21]
[ext_resource path="res://Scenes/PickupScenes/PickupWeaponClaymoreFire.tscn" type="PackedScene" id=22]
[ext_resource path="res://Scenes/PickupScenes/PickupWeaponWarhammer.tscn" type="PackedScene" id=23]
[ext_resource path="res://Scenes/PickupScenes/PickupWeaponBowRecurve.tscn" type="PackedScene" id=24]
[ext_resource path="res://Scenes/PickupScenes/PickupArrowsNormal.tscn" type="PackedScene" id=25]
[ext_resource path="res://Scenes/LevelScenes/LevelExtras/Plank.tscn" type="PackedScene" id=26]
[ext_resource path="res://Scenes/PickupScenes/PickupsNew/NewCoins.tscn" type="PackedScene" id=27]
[ext_resource path="res://Music/MusicController.gd" type="Script" id=28]
[ext_resource path="res://Music/Hiding Your Reality.ogg" type="AudioStream" id=29]
[ext_resource path="res://Music/Full On.ogg" type="AudioStream" id=30]
[ext_resource path="res://Music/Crisis.ogg" type="AudioStream" id=31]
[ext_resource path="res://Music/Curse of the Scarab.ogg" type="AudioStream" id=32]
[ext_resource path="res://Scenes/LevelScenes/LevelExtras/Crate01.tscn" type="PackedScene" id=33]
[ext_resource path="res://Scenes/LevelScenes/LevelExtras/Barrel01.tscn" type="PackedScene" id=34]
[ext_resource path="res://Scenes/LevelScenes/LevelExtras/DeadBodyFemaleLeft01.tscn" type="PackedScene" id=35]
[ext_resource path="res://Scenes/LevelScenes/LevelExtras/DeadBodyFemaleLeft02.tscn" type="PackedScene" id=36]
[ext_resource path="res://Scenes/LevelScenes/LevelExtras/DeadBodyFemaleLeft03.tscn" type="PackedScene" id=37]
[ext_resource path="res://Scenes/LevelScenes/LevelExtras/DeadBodyMaleLeft01.tscn" type="PackedScene" id=38]
[ext_resource path="res://Scenes/LevelScenes/LevelExtras/DeadBodyMaleLeft02.tscn" type="PackedScene" id=39]
[ext_resource path="res://Scenes/LevelScenes/LevelExtras/DeadBodyMaleLeft03.tscn" type="PackedScene" id=40]

[sub_resource type="Environment" id=1]
background_mode = 1
background_color = Color( 0.110107, 0, 0.171875, 1 )
background_energy = 0.5
ambient_light_color = Color( 0.276418, 0.0686646, 0.351563, 1 )
ambient_light_energy = 0.5
fog_enabled = true
fog_color = Color( 0.578125, 0.124207, 0.571033, 1 )
fog_depth_begin = 15.0

[sub_resource type="SphereMesh" id=2]
radius = 0.1
height = 0.2
radial_segments = 16
rings = 8

[sub_resource type="SpatialMaterial" id=3]
albedo_color = Color( 1, 0, 0.914063, 1 )
roughness = 0.0

[sub_resource type="BoxShape" id=4]
extents = Vector3( 7.08577, 3.2806, 1 )

[sub_resource type="BoxShape" id=5]
extents = Vector3( 1, 9.2187, 28.7213 )

[node name="Level03" type="Spatial"]
script = ExtResource( 1 )

[node name="RespawnPoint" type="Spatial" parent="."]
transform = Transform( 1, 0, 0, 0, 1, 0, 0, 0, 1, -83.1728, 1.37124, 73.8221 )

[node name="Player" parent="." instance=ExtResource( 2 )]
transform = Transform( 1, 0, 0, 0, 1, 0, 0, 0, 1, -83.73, 1.06086, 74.9618 )

[node name="WorldEnvironment" type="WorldEnvironment" parent="."]
environment = SubResource( 1 )

[node name="Castle01TownPart02" parent="." instance=ExtResource( 3 )]

[node name="NavMeshTown01Part02" parent="." instance=ExtResource( 4 )]
editor/display_folded = true

[node name="WaypointsHolder" type="Spatial" parent="NavMeshTown01Part02"]
editor/display_folded = true
script = ExtResource( 5 )

[node name="Waypoint1" type="Spatial" parent="NavMeshTown01Part02/WaypointsHolder"]
editor/display_folded = true
transform = Transform( 1, 0, 0, 0, 1, 0, 0, 0, 1, -83.0054, 0.75, 74.6771 )

[node name="MeshInstance" type="MeshInstance" parent="NavMeshTown01Part02/WaypointsHolder/Waypoint1"]
mesh = SubResource( 2 )
material/0 = SubResource( 3 )

[node name="Waypoint2" type="Spatial" parent="NavMeshTown01Part02/WaypointsHolder"]
editor/display_folded = true
transform = Transform( 1, 0, 0, 0, 1, 0, 0, 0, 1, -26.5187, 0.75, 108.063 )

[node name="MeshInstance" type="MeshInstance" parent="NavMeshTown01Part02/WaypointsHolder/Waypoint2"]
mesh = SubResource( 2 )
material/0 = SubResource( 3 )

[node name="Waypoint3" type="Spatial" parent="NavMeshTown01Part02/WaypointsHolder"]
editor/display_folded = true
transform = Transform( 1, 0, 0, 0, 1, 0, 0, 0, 1, -21.6246, 0.75, 69.4504 )

[node name="MeshInstance" type="MeshInstance" parent="NavMeshTown01Part02/WaypointsHolder/Waypoint3"]
mesh = SubResource( 2 )
material/0 = SubResource( 3 )

[node name="Waypoint4" type="Spatial" parent="NavMeshTown01Part02/WaypointsHolder"]
editor/display_folded = true
transform = Transform( 1, 0, 0, 0, 1, 0, 0, 0, 1, 8.42983, 0.75, 58.2425 )

[node name="MeshInstance" type="MeshInstance" parent="NavMeshTown01Part02/WaypointsHolder/Waypoint4"]
mesh = SubResource( 2 )
material/0 = SubResource( 3 )

[node name="Waypoint5" type="Spatial" parent="NavMeshTown01Part02/WaypointsHolder"]
editor/display_folded = true
transform = Transform( 1, 0, 0, 0, 1, 0, 0, 0, 1, 46.8574, 0.75, 71.7045 )

[node name="MeshInstance" type="MeshInstance" parent="NavMeshTown01Part02/WaypointsHolder/Waypoint5"]
mesh = SubResource( 2 )
material/0 = SubResource( 3 )

[node name="Waypoint6" type="Spatial" parent="NavMeshTown01Part02/WaypointsHolder"]
editor/display_folded = true
transform = Transform( 1, 0, 0, 0, 1, 0, 0, 0, 1, 36.668, 0.75, 25.514 )

[node name="MeshInstance" type="MeshInstance" parent="NavMeshTown01Part02/WaypointsHolder/Waypoint6"]
mesh = SubResource( 2 )
material/0 = SubResource( 3 )

[node name="Waypoint7" type="Spatial" parent="NavMeshTown01Part02/WaypointsHolder"]
editor/display_folded = true
transform = Transform( 1, 0, 0, 0, 1, 0, 0, 0, 1, 37.5354, 0.75, 38.3958 )

[node name="MeshInstance" type="MeshInstance" parent="NavMeshTown01Part02/WaypointsHolder/Waypoint7"]
mesh = SubResource( 2 )
material/0 = SubResource( 3 )

[node name="Waypoint8" type="Spatial" parent="NavMeshTown01Part02/WaypointsHolder"]
editor/display_folded = true
transform = Transform( 1, 0, 0, 0, 1, 0, 0, 0, 1, 53.8336, 0.75, 38.3958 )

[node name="MeshInstance" type="MeshInstance" parent="NavMeshTown01Part02/WaypointsHolder/Waypoint8"]
mesh = SubResource( 2 )
material/0 = SubResource( 3 )

[node name="Waypoint9" type="Spatial" parent="NavMeshTown01Part02/WaypointsHolder"]
editor/display_folded = true
transform = Transform( 1, 0, 0, 0, 1, 0, 0, 0, 1, 84.4633, 0.75, 43.1872 )

[node name="MeshInstance" type="MeshInstance" parent="NavMeshTown01Part02/WaypointsHolder/Waypoint9"]
mesh = SubResource( 2 )
material/0 = SubResource( 3 )

[node name="Waypoint10" type="Spatial" parent="NavMeshTown01Part02/WaypointsHolder"]
editor/display_folded = true
transform = Transform( 1, 0, 0, 0, 1, 0, 0, 0, 1, 69.1932, 0.75, 60.7899 )

[node name="MeshInstance" type="MeshInstance" parent="NavMeshTown01Part02/WaypointsHolder/Waypoint10"]
mesh = SubResource( 2 )
material/0 = SubResource( 3 )

[node name="Waypoint11" type="Spatial" parent="NavMeshTown01Part02/WaypointsHolder"]
editor/display_folded = true
transform = Transform( 1, 0, 0, 0, 1, 0, 0, 0, 1, 107.008, 0.75, 44.2257 )

[node name="MeshInstance" type="MeshInstance" parent="NavMeshTown01Part02/WaypointsHolder/Waypoint11"]
mesh = SubResource( 2 )
material/0 = SubResource( 3 )

[node name="Waypoint12" type="Spatial" parent="NavMeshTown01Part02/WaypointsHolder"]
editor/display_folded = true
transform = Transform( 1, 0, 0, 0, 1, 0, 0, 0, 1, 119.597, 0.75, 28.2963 )

[node name="MeshInstance" type="MeshInstance" parent="NavMeshTown01Part02/WaypointsHolder/Waypoint12"]
mesh = SubResource( 2 )
material/0 = SubResource( 3 )

[node name="Waypoint13" type="Spatial" parent="NavMeshTown01Part02/WaypointsHolder"]
editor/display_folded = true
transform = Transform( 1, 0, 0, 0, 1, 0, 0, 0, 1, 89.0259, 0.75, 29.2453 )

[node name="MeshInstance" type="MeshInstance" parent="NavMeshTown01Part02/WaypointsHolder/Waypoint13"]
mesh = SubResource( 2 )
material/0 = SubResource( 3 )

[node name="EnemyHolder" type="Spatial" parent="NavMeshTown01Part02"]
editor/display_folded = true

[node name="ZombieMaleNavTest" parent="NavMeshTown01Part02/EnemyHolder" instance=ExtResource( 6 )]
transform = Transform( 1, 0, 0, 0, 1, 0, 0, 0, 1, -17.0585, 0.05, 102.891 )

[node name="ZombieMaleNavTest2" parent="NavMeshTown01Part02/EnemyHolder" instance=ExtResource( 6 )]
transform = Transform( 1, 0, 0, 0, 1, 0, 0, 0, 1, 38.9856, 0.05, 38.7071 )

[node name="ZombieMaleNavTest3" parent="NavMeshTown01Part02/EnemyHolder" instance=ExtResource( 6 )]
transform = Transform( 1, 0, 0, 0, 1, 0, 0, 0, 1, 80.8692, 0.05, 48.9438 )

[node name="ZombieMaleNavTest4" parent="NavMeshTown01Part02/EnemyHolder" instance=ExtResource( 6 )]
transform = Transform( 1, 0, 0, 0, 1, 0, 0, 0, 1, 58.2587, 0.05, 38.4061 )

[node name="ZombieMaleNavTest5" parent="NavMeshTown01Part02/EnemyHolder" instance=ExtResource( 6 )]
transform = Transform( 1, 0, 0, 0, 1, 0, 0, 0, 1, -24.6355, 0.05, 113.297 )

[node name="ZombieFemaleNav" parent="NavMeshTown01Part02/EnemyHolder" instance=ExtResource( 7 )]
transform = Transform( 1, 0, 0, 0, 1, 0, 0, 0, 1, -34.5758, 0.05, 107.916 )

[node name="ZombieFemaleNav2" parent="NavMeshTown01Part02/EnemyHolder" instance=ExtResource( 7 )]
transform = Transform( 1, 0, 0, 0, 1, 0, 0, 0, 1, 34.1511, 0.05, 55.8261 )

[node name="ZombieFemaleNav3" parent="NavMeshTown01Part02/EnemyHolder" instance=ExtResource( 7 )]
transform = Transform( 1, 0, 0, 0, 1, 0, 0, 0, 1, 101.296, 0.05, 39.6038 )

[node name="ZombieFemaleNav4" parent="NavMeshTown01Part02/EnemyHolder" instance=ExtResource( 7 )]
transform = Transform( 1, 0, 0, 0, 1, 0, 0, 0, 1, 80.1092, 0.05, 32.567 )

[node name="ZombieFemaleNav5" parent="NavMeshTown01Part02/EnemyHolder" instance=ExtResource( 7 )]
transform = Transform( 1, 0, 0, 0, 1, 0, 0, 0, 1, 4.8948, 0.05, 56.9646 )

[node name="CreatureNav" parent="NavMeshTown01Part02/EnemyHolder" instance=ExtResource( 8 )]
transform = Transform( 1, 0, 0, 0, 1, 0, 0, 0, 1, -24.6618, 0.0477945, 107.977 )

[node name="CreatureNav2" parent="NavMeshTown01Part02/EnemyHolder" instance=ExtResource( 8 )]
transform = Transform( 1, 0, 0, 0, 1, 0, 0, 0, 1, 47.0032, 0.0477945, 63.6379 )

[node name="CreatureNav3" parent="NavMeshTown01Part02/EnemyHolder" instance=ExtResource( 8 )]
transform = Transform( 1, 0, 0, 0, 1, 0, 0, 0, 1, 91.4646, 0.0477945, 38.8269 )

[node name="CreatureNav4" parent="NavMeshTown01Part02/EnemyHolder" instance=ExtResource( 8 )]
transform = Transform( 1, 0, 0, 0, 1, 0, 0, 0, 1, 87.335, 0.0477945, 42.1449 )

[node name="CreatureNav5" parent="NavMeshTown01Part02/EnemyHolder" instance=ExtResource( 8 )]
transform = Transform( 1, 0, 0, 0, 1, 0, 0, 0, 1, -14.2018, 0.0477945, 64.1883 )

[node name="ToWorldMap" type="Node" parent="."]
script = ExtResource( 9 )

[node name="Area" type="Area" parent="ToWorldMap"]
transform = Transform( 1, 0, 0, 0, 1, 0, 0, 0, 1, 98.7872, 0.421509, 23.1675 )

[node name="CollisionShape" type="CollisionShape" parent="ToWorldMap/Area"]
transform = Transform( 1, 0, 0, 0, 1, 0, 0, 0, 1, 0, 2.80655, 0.368965 )
shape = SubResource( 4 )

[node name="LevelEndParticles" parent="ToWorldMap/Area" instance=ExtResource( 10 )]
transform = Transform( 1, 0, 0, 0, 1, 0, 0, 0, 1, 0, -0.421509, -56.8543 )

[node name="LevelText" type="Label" parent="."]
anchor_top = 1.0
anchor_right = 1.0
anchor_bottom = 1.0
margin_top = -51.0
custom_fonts/font = ExtResource( 11 )
text = "LongTestToMakeSureItWillFitAndBeCentered"
align = 1
valign = 1

[node name="LevelObjective" type="Label" parent="."]
anchor_right = 1.0
margin_bottom = 51.0
custom_fonts/font = ExtResource( 11 )
text = "LongTestToMakeSureItWillFitAndBeCentered"
align = 1
valign = 1

[node name="LevelLimits" type="StaticBody" parent="."]
editor/display_folded = true

[node name="wall" type="CollisionShape" parent="LevelLimits"]
transform = Transform( 0.759222, 0, 0.650832, 0, 1, 0, -0.650832, 0, 0.759222, -85.3897, 8.07071, 79.5203 )
shape = SubResource( 5 )

[node name="wall2" type="CollisionShape" parent="LevelLimits"]
transform = Transform( 0.437163, 0, 0.899383, 0, 1, 0, -0.899383, 0, 0.437163, -48.4348, 8.07071, 107.589 )
shape = SubResource( 5 )

[node name="wall3" type="CollisionShape" parent="LevelLimits"]
transform = Transform( -0.222599, 0, 0.97491, 0, 1, 0, -0.97491, 0, -0.222599, -2.69006, 8.07071, 112.92 )
shape = SubResource( 5 )

[node name="wall4" type="CollisionShape" parent="LevelLimits"]
transform = Transform( -0.618274, 0, 0.785963, 0, 1, 0, -0.785963, 0, -0.618274, 39.4133, 8.07071, 90.8177 )
shape = SubResource( 5 )

[node name="wall5" type="CollisionShape" parent="LevelLimits"]
transform = Transform( -0.300313, 0, 0.953841, 0, 1, 0, -0.953841, 0, -0.300313, 88.3777, 8.07071, 64.4308 )
shape = SubResource( 5 )

[node name="wall6" type="CollisionShape" parent="LevelLimits"]
transform = Transform( -0.810004, 0, 0.586424, 0, 1, 0, -0.586424, 0, -0.810004, 119.859, 8.07071, 44.0842 )
shape = SubResource( 5 )

[node name="wall7" type="CollisionShape" parent="LevelLimits"]
transform = Transform( -0.914401, 0, -0.40481, 0, 1, 0, 0.40481, 0, -0.914401, 123.122, 8.07071, 8.57989 )
shape = SubResource( 5 )

[node name="wall8" type="CollisionShape" parent="LevelLimits"]
transform = Transform( -0.00366029, 0, -0.999993, 0, 1, 0, 0.999993, 0, -0.00366029, 104.25, 8.07071, 20.5412 )
shape = SubResource( 5 )

[node name="wall9" type="CollisionShape" parent="LevelLimits"]
transform = Transform( 0.299479, 0, -0.954103, 0, 1, 0, 0.954103, 0, 0.299479, 30.0881, 8.07071, 18.6451 )
shape = SubResource( 5 )

[node name="wall10" type="CollisionShape" parent="LevelLimits"]
transform = Transform( -0.979651, 0, -0.20071, 0, 1, 0, 0.20071, 0, -0.979651, 49.5546, 8.07071, -2.59098 )
shape = SubResource( 5 )

[node name="wall11" type="CollisionShape" parent="LevelLimits"]
transform = Transform( 0.0801327, 0, -0.996784, 0, 1, 0, 0.996784, 0, 0.0801327, 82.7398, 8.07071, 22.8165 )
shape = SubResource( 5 )

[node name="wall12" type="CollisionShape" parent="LevelLimits"]
transform = Transform( 0.813475, 0, -0.581599, 0, 1, 0, 0.581599, 0, 0.813475, 26.1102, 8.07071, 18.6451 )
shape = SubResource( 5 )

[node name="wall13" type="CollisionShape" parent="LevelLimits"]
transform = Transform( -0.00158066, 0, -0.999999, 0, 1, 0, 0.999999, 0, -0.00158066, -17.7525, 8.07071, 41.3981 )
shape = SubResource( 5 )

[node name="wall14" type="CollisionShape" parent="LevelLimits"]
transform = Transform( 0.499341, 0, -0.866406, 0, 1, 0, 0.866406, 0, 0.499341, -22.1193, 8.07071, 60.4917 )
shape = SubResource( 5 )

[node name="wall15" type="CollisionShape" parent="LevelLimits"]
transform = Transform( 0.995765, 0, -0.0919328, 0, 1, 0, 0.0919328, 0, 0.995765, 4.4729, 8.07071, 18.8606 )
shape = SubResource( 5 )

[node name="wall16" type="CollisionShape" parent="LevelLimits"]
transform = Transform( 0.292401, 0, -0.956296, 0, 1, 0, 0.956296, 0, 0.292401, -86.4104, 8.07071, 66.937 )
shape = SubResource( 5 )

[node name="wall17" type="CollisionShape" parent="LevelLimits"]
transform = Transform( -0.608553, 0, -0.793513, 0, 1, 0, 0.793513, 0, -0.608553, -68.7457, 8.07071, 56.0998 )
shape = SubResource( 5 )

[node name="PickupsHolder" type="Spatial" parent="."]
editor/display_folded = true

[node name="PickupAppleGreen" parent="PickupsHolder" instance=ExtResource( 12 )]
transform = Transform( 0.972743, 0, 0.231887, 0, 1, 0, -0.231887, 0, 0.972743, -6.88105, 1.4, 79.7914 )

[node name="PickupAppleGreen2" parent="PickupsHolder" instance=ExtResource( 12 )]
transform = Transform( 0.972743, 0, 0.231887, 0, 1, 0, -0.231887, 0, 0.972743, -5.65911, 1.4, 84.9173 )

[node name="PickupAppleGreen3" parent="PickupsHolder" instance=ExtResource( 12 )]
transform = Transform( 0.972743, 0, 0.231887, 0, 1, 0, -0.231887, 0, 0.972743, -4.45074, 1.4, 89.9862 )

[node name="PickupAppleRed" parent="PickupsHolder" instance=ExtResource( 13 )]
transform = Transform( 1, 0, 0, 0, 1, 0, 0, 0, 1, 49.637, 1.4, 30.2719 )

[node name="PickupAppleRed2" parent="PickupsHolder" instance=ExtResource( 13 )]
transform = Transform( 1, 0, 0, 0, 1, 0, 0, 0, 1, 55.6468, 1.4, 30.2719 )

[node name="PickupAppleRed3" parent="PickupsHolder" instance=ExtResource( 13 )]
transform = Transform( 1, 0, 0, 0, 1, 0, 0, 0, 1, 61.52, 1.4, 30.2719 )

[node name="PickupPotionHealth" parent="PickupsHolder" instance=ExtResource( 14 )]
transform = Transform( 1, 0, 0, 0, 1, 0, 0, 0, 1, -16.8885, 12, 86.5982 )

[node name="PickupPotionStrength" parent="PickupsHolder" instance=ExtResource( 15 )]
transform = Transform( 1, 0, 0, 0, 1, 0, 0, 0, 1, 14.56, 1, 71.4385 )

[node name="PickupPotionSpeed" parent="PickupsHolder" instance=ExtResource( 16 )]
transform = Transform( 1, 0, 0, 0, 1, 0, 0, 0, 1, 6.29527, 1, 45.031 )

[node name="PickupPotionFortitute" parent="PickupsHolder" instance=ExtResource( 17 )]
transform = Transform( 1, 0, 0, 0, 1, 0, 0, 0, 1, 25.5713, 12, 69.886 )

[node name="PickupPotionFortitute2" parent="PickupsHolder" instance=ExtResource( 17 )]
transform = Transform( 1, 0, 0, 0, 1, 0, 0, 0, 1, 102.56, 1, 40.7067 )

[node name="PickupTea" parent="PickupsHolder" instance=ExtResource( 18 )]
transform = Transform( 1, 0, 0, 0, 1, 0, 0, 0, 1, -44.7886, 12, 82.0913 )

[node name="PickupTea2" parent="PickupsHolder" instance=ExtResource( 18 )]
transform = Transform( 1, 0, 0, 0, 1, 0, 0, 0, 1, 20.6343, 12, 38.3339 )

[node name="PickupEquipHolder" type="Spatial" parent="."]
editor/display_folded = true

[node name="PickupArmourChainmail" parent="PickupEquipHolder" instance=ExtResource( 19 )]
transform = Transform( 1, 0, 0, 0, 1, 0, 0, 0, 1, 49.6016, 1, 23.163 )

[node name="PickupArmourChainmail2" parent="PickupEquipHolder" instance=ExtResource( 19 )]
transform = Transform( 1, 0, 0, 0, 1, 0, 0, 0, 1, -28.5443, 1, 93.8218 )

[node name="PickupShieldMedium" parent="PickupEquipHolder" instance=ExtResource( 20 )]
transform = Transform( 0.997877, 0, -0.0651326, 0, 1, 0, 0.0651326, 0, 0.997877, 38.6341, 1, 67.2227 )

[node name="PickupWeaponSword" parent="PickupEquipHolder" instance=ExtResource( 21 )]
transform = Transform( 1, 0, 0, 0, 1, 0, 0, 0, 1, 38.6779, 1, 79.5789 )

[node name="PickupWeaponClaymore" parent="PickupEquipHolder" instance=ExtResource( 22 )]
transform = Transform( 1, 0, 0, 0, 1, 0, 0, 0, 1, 47.3494, 1, 22.4611 )

[node name="PickupWeaponWarhammer" parent="PickupEquipHolder" instance=ExtResource( 23 )]
transform = Transform( 1, 0, 0, 0, 1, 0, 0, 0, 1, -48.9806, 12, 80.7824 )

[node name="PickupWeaponBowRecurve" parent="PickupEquipHolder" instance=ExtResource( 24 )]
transform = Transform( 1, 0, 0, 0, 1, 0, 0, 0, 1, -22.5025, 1, 69.9505 )

[node name="PickupArrowsNormal" parent="PickupEquipHolder" instance=ExtResource( 25 )]
transform = Transform( 1, 0, 0, 0, 1, 0, 0, 0, 1, -21.6975, 1, 71.1321 )

[node name="PickupArrowsNormal2" parent="PickupEquipHolder" instance=ExtResource( 25 )]
transform = Transform( 1, 0, 0, 0, 1, 0, 0, 0, 1, -27.5561, 1, 84.4687 )

[node name="PickupArrowsNormal3" parent="PickupEquipHolder" instance=ExtResource( 25 )]
transform = Transform( 1, 0, 0, 0, 1, 0, 0, 0, 1, 36.4332, 1, 67.0707 )

[node name="PickupArrowsNormal4" parent="PickupEquipHolder" instance=ExtResource( 25 )]
transform = Transform( 1, 0, 0, 0, 1, 0, 0, 0, 1, 70.171, 1, 47.8166 )

[node name="PickupArrowsNormal5" parent="PickupEquipHolder" instance=ExtResource( 25 )]
transform = Transform( 1, 0, 0, 0, 1, 0, 0, 0, 1, 92.1968, 1, 55.3835 )

[node name="Planks" type="Spatial" parent="."]
editor/display_folded = true
transform = Transform( 1, 0, 0, 0, 1, 0, 0, 0, 1, 0, 9.34026, 62.3846 )

[node name="Plank" parent="Planks" instance=ExtResource( 26 )]
transform = Transform( -0.102114, 0, -0.994772, 0, 1, 0, 0.994772, 0, -0.102114, -29.3282, 0, 26.4778 )

[node name="Plank2" parent="Planks" instance=ExtResource( 26 )]
transform = Transform( 0.222305, 0, -0.974977, 0, 1, 0, 0.974977, 0, 0.222305, -3.96611, 0, 26.4778 )

[node name="Plank3" parent="Planks" instance=ExtResource( 26 )]
transform = Transform( 0.509623, 0, -0.860397, 0, 1, 0, 0.860397, 0, 0.509623, 15.4281, 0, 15.7602 )

[node name="Plank4" parent="Planks" instance=ExtResource( 26 )]
transform = Transform( 0.991784, 0, 0.127918, 0, 1, 0, -0.127918, 0, 0.991784, 22.9531, 0, -7.6138 )

[node name="CoinsHolder" type="Spatial" parent="."]
editor/display_folded = true
transform = Transform( 1, 0, 0, 0, 1, 0, 0, 0, 1, 39.7172, 1.4, 57.3693 )

[node name="NewCoins" parent="CoinsHolder" instance=ExtResource( 27 )]
transform = Transform( 2, 0, 0, 0, 2, 0, 0, 0, 2, -5.34247, 0, -11.3839 )

[node name="NewCoins2" parent="CoinsHolder" instance=ExtResource( 27 )]
transform = Transform( 2, 0, 0, 0, 2, 0, 0, 0, 2, -5.31881, 0, -16.5368 )

[node name="NewCoins3" parent="CoinsHolder" instance=ExtResource( 27 )]
transform = Transform( 2, 0, 0, 0, 2, 0, 0, 0, 2, -5.31881, 0, -21.771 )

[node name="NewCoins4" parent="CoinsHolder" instance=ExtResource( 27 )]
transform = Transform( 0.651428, 0, -1.89094, 0, 2, 0, 1.89094, 0, 0.651428, -44.6011, 0, 5.38137 )

[node name="NewCoins5" parent="CoinsHolder" instance=ExtResource( 27 )]
transform = Transform( 0.651428, 0, -1.89094, 0, 2, 0, 1.89094, 0, 0.651428, -34.7727, 0, 2.02052 )

[node name="NewCoins6" parent="CoinsHolder" instance=ExtResource( 27 )]
transform = Transform( 0.651428, 0, -1.89094, 0, 2, 0, 1.89094, 0, 0.651428, -39.7215, 0, 3.72538 )

[node name="NewCoins8" parent="CoinsHolder" instance=ExtResource( 27 )]
transform = Transform( 1.59626, 0, -1.20497, 0, 2, 0, 1.20497, 0, 1.59626, 68.1141, 0, -9.27643 )

[node name="NewCoins9" parent="CoinsHolder" instance=ExtResource( 27 )]
transform = Transform( 1.59626, 0, -1.20497, 0, 2, 0, 1.20497, 0, 1.59626, 71.2375, 0, -13.3748 )

[node name="NewCoins7" parent="CoinsHolder" instance=ExtResource( 27 )]
transform = Transform( 1.59626, 0, -1.20497, 0, 2, 0, 1.20497, 0, 1.59626, 74.391, 0, -17.5524 )

[node name="NewCoins10" parent="CoinsHolder" instance=ExtResource( 27 )]
transform = Transform( -1.2729, 0, -1.54264, 0, 2, 0, 1.54264, 0, -1.2729, 17.9529, 0, -2.79417 )

[node name="NewCoins11" parent="CoinsHolder" instance=ExtResource( 27 )]
transform = Transform( -1.2729, 0, -1.54264, 0, 2, 0, 1.54264, 0, -1.2729, 25.9496, 0, 3.83493 )

[node name="NewCoins12" parent="CoinsHolder" instance=ExtResource( 27 )]
transform = Transform( -1.2729, 0, -1.54264, 0, 2, 0, 1.54264, 0, -1.2729, 21.9123, 0, 0.503613 )

[node name="NewCoins15" parent="CoinsHolder" instance=ExtResource( 27 )]
transform = Transform( -1.2729, 0, -1.54264, 0, 2, 0, 1.54264, 0, -1.2729, -37.9459, 10.9491, 18.7863 )

[node name="NewCoins14" parent="CoinsHolder" instance=ExtResource( 27 )]
transform = Transform( -1.2729, 0, -1.54264, 0, 2, 0, 1.54264, 0, -1.2729, -33.9865, 10.9491, 22.0841 )

[node name="NewCoins13" parent="CoinsHolder" instance=ExtResource( 27 )]
transform = Transform( -1.2729, 0, -1.54264, 0, 2, 0, 1.54264, 0, -1.2729, -29.9492, 10.9491, 25.4154 )

[node name="MusicController" type="Node" parent="."]
pause_mode = 2
editor/display_folded = true
script = ExtResource( 28 )

[node name="AudioStreamHYR" type="AudioStreamPlayer" parent="MusicController"]
stream = ExtResource( 29 )
bus = "MusicBus"

[node name="AudioStreamFO" type="AudioStreamPlayer" parent="MusicController"]
stream = ExtResource( 30 )
bus = "MusicBus"

[node name="AudioStreamC" type="AudioStreamPlayer" parent="MusicController"]
stream = ExtResource( 31 )
bus = "MusicBus"

[node name="AudioStreamCotS" type="AudioStreamPlayer" parent="MusicController"]
stream = ExtResource( 32 )
bus = "MusicBus"

[node name="ExtrasHolder" type="Spatial" parent="."]
editor/display_folded = true

[node name="CrateDesign01" parent="ExtrasHolder" instance=ExtResource( 33 )]
transform = Transform( 0.977874, 0, 0.209197, 0, 1, 0, -0.209197, 0, 0.977874, 0.0240536, 0.562513, 54.7824 )

[node name="CrateDesign02" parent="ExtrasHolder" instance=ExtResource( 33 )]
transform = Transform( 0.977874, 0, 0.209197, 0, 1, 0, -0.209197, 0, 0.977874, 1.09523, 0.562513, 54.5532 )

[node name="CrateDesign04" parent="ExtrasHolder" instance=ExtResource( 33 )]
transform = Transform( 0.977874, 0, 0.209197, 0, 1, 0, -0.209197, 0, 0.977874, 1.09523, 1.57464, 54.5532 )

[node name="CrateDesign03" parent="ExtrasHolder" instance=ExtResource( 33 )]
transform = Transform( 0.977874, 0, 0.209197, 0, 1, 0, -0.209197, 0, 0.977874, 2.15017, 0.562513, 54.3276 )

[node name="BarrelDesign01" parent="ExtrasHolder" instance=ExtResource( 34 )]
transform = Transform( 1, 0, 0, 0, 1, 0, 0, 0, 1, -0.872227, 0.559197, 55.5436 )

[node name="BarrelDesign03" parent="ExtrasHolder" instance=ExtResource( 34 )]
transform = Transform( 0.775179, 0, 0.631742, 0, 1, 0, -0.631742, 0, 0.775179, 42.9766, 0.559197, 51.412 )

[node name="BarrelDesign05" parent="ExtrasHolder" instance=ExtResource( 34 )]
transform = Transform( 0.775179, 0, 0.631742, 0, 1, 0, -0.631742, 0, 0.775179, 43.4641, 0.559197, 52.0102 )

[node name="BarrelDesign08" parent="ExtrasHolder" instance=ExtResource( 34 )]
transform = Transform( 0.775179, 0, 0.631742, 0, 1, 0, -0.631742, 0, 0.775179, 43.2132, 1.62335, 51.7024 )

[node name="BarrelDesign09" parent="ExtrasHolder" instance=ExtResource( 34 )]
transform = Transform( 0.775179, 0, 0.631742, 0, 1, 0, -0.631742, 0, 0.775179, 43.4641, 2.63784, 52.0102 )

[node name="BarrelDesign06" parent="ExtrasHolder" instance=ExtResource( 34 )]
transform = Transform( 0.775179, 0, 0.631742, 0, 1, 0, -0.631742, 0, 0.775179, 43.9259, 0.559197, 52.5769 )

[node name="BarrelDesign07" parent="ExtrasHolder" instance=ExtResource( 34 )]
transform = Transform( 0.775179, 0, 0.631742, 0, 1, 0, -0.631742, 0, 0.775179, 43.675, 1.62335, 52.2691 )

[node name="BarrelDesign04" parent="ExtrasHolder" instance=ExtResource( 34 )]
transform = Transform( 1, 0, 0, 0, 1, 0, 0, 0, 1, 39.1592, 0.559197, 65.8529 )

[node name="BarrelDesign02" parent="ExtrasHolder" instance=ExtResource( 34 )]
transform = Transform( 1, 0, 0, 0, 1, 0, 0, 0, 1, 1.11267, 2.57222, 54.5694 )

[node name="BodyHolder" type="Spatial" parent="."]
editor/display_folded = true
transform = Transform( 1, 0, 0, 0, 1, 0, 0, 0, 1, 0, 0.0512505, 0 )

[node name="DeadFemale01" parent="BodyHolder" instance=ExtResource( 35 )]
transform = Transform( -0.866025, 0, 0.5, 0, 1, 0, -0.5, 0, -0.866025, 67.1607, 0, 47.2722 )

[node name="DeadFemale02" parent="BodyHolder" instance=ExtResource( 36 )]
transform = Transform( 0.295504, 0, -0.955341, 0, 1, 0, 0.955341, 0, 0.295504, 3.82526, 0.415204, 53.4968 )

[node name="DeadFemale03" parent="BodyHolder" instance=ExtResource( 37 )]
transform = Transform( -0.707107, 0, 0.707107, 0, 1, 0, -0.707107, 0, -0.707107, -13.0335, 0, 64.6216 )

[node name="DeadMale01" parent="BodyHolder" instance=ExtResource( 38 )]
transform = Transform( 1, 0, 0, 0, 1, 0, 0, 0, 1, 35.6257, 0, 38.9742 )

[node name="DeadMale02" parent="BodyHolder" instance=ExtResource( 39 )]
transform = Transform( -0.467373, 0, 0.88406, 0, 1, 0, -0.88406, 0, -0.467373, -0.755998, 0.415204, 67.8399 )

[node name="DeadMale03" parent="BodyHolder" instance=ExtResource( 40 )]
transform = Transform( 0.409398, 0, -0.912356, 0, 1, 0, 0.912356, 0, 0.409398, 103.875, 0, 33.3479 )

[connection signal="body_entered" from="ToWorldMap/Area" to="ToWorldMap" method="_on_Area_body_entered"]
[connection signal="finished" from="MusicController/AudioStreamHYR" to="MusicController" method="_on_AudioStreamHYR_finished"]
[connection signal="finished" from="MusicController/AudioStreamFO" to="MusicController" method="_on_AudioStreamFO_finished"]
[connection signal="finished" from="MusicController/AudioStreamC" to="MusicController" method="_on_AudioStreamC_finished"]
[connection signal="finished" from="MusicController/AudioStreamCotS" to="MusicController" method="_on_AudioStreamCotS_finished"]
