[gd_scene load_steps=4 format=2]

[ext_resource path="res://Scenes/EnemyScenes/ZombieMale.tscn" type="PackedScene" id=1]
[ext_resource path="res://Scripts/EnemyScripts/Zombie01.gd" type="Script" id=2]
[ext_resource path="res://Scenes/EnemyScenes/ZombieFemale.tscn" type="PackedScene" id=3]

[node name="EnemyHolder" type="Spatial"]

transform = Transform( 1, 0, 0, 0, 1, 0, 0, 0, 1, 0, 1.05505, 0 )

[node name="ZombieMale" type="KinematicBody" parent="." index="0" instance=ExtResource( 1 )]

transform = Transform( 1, 0, 0, 0, 1, 0, 0, 0, 1, 13.7552, 0.0640109, 1.45745 )
input_ray_pickable = true
input_capture_on_drag = false
collision_layer = 1
collision_mask = 1
axis_lock_linear_x = false
axis_lock_linear_y = false
axis_lock_linear_z = false
axis_lock_angular_x = false
axis_lock_angular_y = false
axis_lock_angular_z = false
collision/safe_margin = 0.001
script = ExtResource( 2 )

[node name="ZombieMale3" type="KinematicBody" parent="." index="1" instance=ExtResource( 1 )]

transform = Transform( -0.996867, 0, -0.0790996, 0, 1, 0, 0.0790996, 0, -0.996867, -50.3343, 0.219207, 51.0846 )
input_ray_pickable = true
input_capture_on_drag = false
collision_layer = 1
collision_mask = 1
axis_lock_linear_x = false
axis_lock_linear_y = false
axis_lock_linear_z = false
axis_lock_angular_x = false
axis_lock_angular_y = false
axis_lock_angular_z = false
collision/safe_margin = 0.001
script = ExtResource( 2 )

[node name="ZombieMale2" type="KinematicBody" parent="." index="2" instance=ExtResource( 1 )]

transform = Transform( 0.184859, 0, -0.982765, 0, 1, 0, 0.982765, 0, 0.184859, 13.4152, 0, 36.7922 )
input_ray_pickable = true
input_capture_on_drag = false
collision_layer = 1
collision_mask = 1
axis_lock_linear_x = false
axis_lock_linear_y = false
axis_lock_linear_z = false
axis_lock_angular_x = false
axis_lock_angular_y = false
axis_lock_angular_z = false
collision/safe_margin = 0.001
script = ExtResource( 2 )

[node name="ZombieMale4" type="KinematicBody" parent="." index="3" instance=ExtResource( 1 )]

transform = Transform( 0.922996, 0, 0.38481, 0, 1, 0, -0.38481, 0, 0.922996, -50.7586, 5.93386, 20.2826 )
input_ray_pickable = true
input_capture_on_drag = false
collision_layer = 1
collision_mask = 1
axis_lock_linear_x = false
axis_lock_linear_y = false
axis_lock_linear_z = false
axis_lock_angular_x = false
axis_lock_angular_y = false
axis_lock_angular_z = false
collision/safe_margin = 0.001
script = ExtResource( 2 )

[node name="ZombieFemale" type="KinematicBody" parent="." index="4" instance=ExtResource( 3 )]

transform = Transform( 1, 0, 0, 0, 1, 0, 0, 0, 1, 6.8121, 0, 7.86012 )
input_ray_pickable = true
input_capture_on_drag = false
collision_layer = 1
collision_mask = 1
axis_lock_linear_x = false
axis_lock_linear_y = false
axis_lock_linear_z = false
axis_lock_angular_x = false
axis_lock_angular_y = false
axis_lock_angular_z = false
collision/safe_margin = 0.001
script = ExtResource( 2 )

[node name="ZombieFemale4" type="KinematicBody" parent="." index="5" instance=ExtResource( 3 )]

transform = Transform( 0.402583, 0, -0.915384, 0, 1, 0, 0.915384, 0, 0.402583, 6.8121, 5.92796, -49.0336 )
input_ray_pickable = true
input_capture_on_drag = false
collision_layer = 1
collision_mask = 1
axis_lock_linear_x = false
axis_lock_linear_y = false
axis_lock_linear_z = false
axis_lock_angular_x = false
axis_lock_angular_y = false
axis_lock_angular_z = false
collision/safe_margin = 0.001
script = ExtResource( 2 )
_sections_unfolded = [ "Transform" ]

[node name="ZombieFemale3" type="KinematicBody" parent="." index="6" instance=ExtResource( 3 )]

transform = Transform( 1, 0, 0, 0, 1, 0, 0, 0, 1, 19.0793, 0.0558505, 2.22703 )
input_ray_pickable = true
input_capture_on_drag = false
collision_layer = 1
collision_mask = 1
axis_lock_linear_x = false
axis_lock_linear_y = false
axis_lock_linear_z = false
axis_lock_angular_x = false
axis_lock_angular_y = false
axis_lock_angular_z = false
collision/safe_margin = 0.001
script = ExtResource( 2 )

[node name="ZombieFemale2" type="KinematicBody" parent="." index="7" instance=ExtResource( 3 )]

transform = Transform( 0.184859, 0, -0.982765, 0, 1, 0, 0.982765, 0, 0.184859, -5.37753, 0, 33.2622 )
input_ray_pickable = true
input_capture_on_drag = false
collision_layer = 1
collision_mask = 1
axis_lock_linear_x = false
axis_lock_linear_y = false
axis_lock_linear_z = false
axis_lock_angular_x = false
axis_lock_angular_y = false
axis_lock_angular_z = false
collision/safe_margin = 0.001
script = ExtResource( 2 )


